# Convention: X_sup = (X_orig + 1t')R ,
# where the X structures are Kx3 row x col matrices (of K atoms),
# R is an orthogonal 3x3 rotation matrix,
# t is a 3x1 translation column vector, and
# 1 is a Kx1 column vector of ones, such that
# 1t' is a Kx3 matrix of identical rows, in which
# each row is the row vector t'.

# Translation vectors
MODEL    1 t: -115.7750 -106.0857  -58.8017
MODEL    2 t: -115.5813 -106.1612  -58.7999
MODEL    3 t: -115.4675 -106.4696  -59.0402
MODEL    4 t: -115.6169 -106.3585  -59.0616
MODEL    5 t: -115.4663 -106.4719  -59.3721
MODEL    6 t: -115.9806 -105.9982  -59.3210
MODEL    7 t: -115.8782 -106.3149  -59.3948
MODEL    8 t: -115.7544 -106.1271  -59.0327
MODEL    9 t: -115.9273 -105.9528  -59.1320
MODEL   10 t: -115.6018 -106.3632  -59.1423
MODEL   11 t: -115.7733 -106.1119  -59.3385
MODEL   12 t: -115.9910 -106.0041  -59.4026
MODEL   13 t: -115.9237 -105.9339  -59.4695
MODEL   14 t: -115.9343 -106.0665  -59.3518
MODEL   15 t: -116.2098 -105.9119  -59.6933
MODEL   16 t: -116.2338 -105.8327  -59.7234
MODEL   17 t: -116.1327 -105.8420  -59.4936
MODEL   18 t: -116.1314 -106.0183  -59.2248
MODEL   19 t: -115.9945 -105.9329  -59.3539
MODEL   20 t: -115.8956 -106.1127  -59.5571
MODEL   21 t: -115.9899 -106.0593  -59.3858
MODEL   22 t: -116.1156 -106.0058  -59.4169
MODEL   23 t: -115.8809 -106.1095  -59.5517
MODEL   24 t: -116.0453 -105.9433  -59.6628
MODEL   25 t: -116.1266 -105.8879  -59.7185
MODEL   26 t: -116.1534 -105.7854  -59.5739
MODEL   27 t: -116.1210 -105.9351  -59.1643
MODEL   28 t: -115.8694 -106.1342  -59.4053
MODEL   29 t: -116.0772 -106.1300  -59.5165
MODEL   30 t: -116.2865 -106.0863  -59.3500
MODEL   31 t: -116.1694 -106.0098  -59.2578
MODEL   32 t: -116.1187 -106.0017  -59.3241
MODEL   33 t: -116.1759 -106.1562  -59.3891
MODEL   34 t: -116.2501 -106.0941  -59.4220
MODEL   35 t: -116.0160 -106.0653  -59.5047
MODEL   36 t: -116.4563 -106.0278  -59.0935
MODEL   37 t: -116.3209 -106.0327  -59.3268
MODEL   38 t: -116.4330 -106.0952  -59.1668
MODEL   39 t: -116.3158 -105.9053  -58.9343
MODEL   40 t: -116.4548 -105.9976  -59.0694
MODEL   41 t: -116.0781 -106.1027  -59.2353
MODEL   42 t: -116.0437 -105.8468  -59.3116
MODEL   43 t: -115.8125 -106.0596  -59.3165
MODEL   44 t: -115.7511 -106.1707  -59.4168
MODEL   45 t: -116.0164 -105.9677  -59.1125
MODEL   46 t: -115.8790 -106.1935  -59.2129
MODEL   47 t: -115.8556 -106.1469  -59.4154
MODEL   48 t: -115.6997 -106.2220  -59.5386
MODEL   49 t: -115.9830 -106.1766  -59.4031
MODEL   50 t: -115.9591 -106.0296  -59.1756
MODEL   51 t: -115.8236 -106.0590  -59.3173
MODEL   52 t: -115.7685 -105.9455  -59.3879
MODEL   53 t: -115.6813 -106.0681  -59.2479
MODEL   54 t: -115.9035 -106.0883  -59.2466
MODEL   55 t: -115.9253 -106.2310  -59.1514
MODEL   56 t: -115.6688 -106.2754  -59.3120
MODEL   57 t: -115.7900 -106.0291  -59.4539
MODEL   58 t: -115.8019 -106.0242  -59.3736
MODEL   59 t: -115.8047 -106.1186  -59.2615
MODEL   60 t: -115.8621 -106.0297  -59.2917
MODEL   61 t: -115.6726 -106.0777  -59.2218
MODEL   62 t: -115.8352 -106.1772  -59.2388
MODEL   63 t: -115.7890 -106.2212  -59.2180
MODEL   64 t: -115.5752 -106.2081  -59.2520
MODEL   65 t: -115.8089 -106.1114  -59.3175
MODEL   66 t: -115.7355 -106.1117  -59.2764
MODEL   67 t: -115.8673 -106.2842  -59.1974
MODEL   68 t: -115.9444 -106.2233  -59.4080
MODEL   69 t: -115.8405 -106.1714  -59.5912
MODEL   70 t: -116.1836 -106.0130  -59.3135
MODEL   71 t: -116.1319 -105.7436  -59.1303
MODEL   72 t: -116.0133 -105.8728  -59.2152
MODEL   73 t: -116.0766 -105.9962  -59.2320
MODEL   74 t: -116.0501 -105.9686  -59.1461
MODEL   75 t: -116.0565 -105.8638  -58.9788
MODEL   76 t: -115.7563 -106.0401  -59.2356
MODEL   77 t: -116.1803 -105.9081  -58.9158
MODEL   78 t: -115.9070 -106.0028  -59.4838
MODEL   79 t: -116.2233 -105.8302  -59.2982
MODEL   80 t: -115.9651 -105.8774  -59.4430
MODEL   81 t: -116.0237 -105.9113  -59.5228
MODEL   82 t: -115.8904 -105.9723  -59.5015
MODEL   83 t: -116.1177 -105.7422  -59.2937
MODEL   84 t: -116.0070 -105.7750  -59.5569
MODEL   85 t: -116.1298 -105.8895  -59.3192
MODEL   86 t: -115.9178 -106.0134  -59.4838
MODEL   87 t: -115.8634 -105.8490  -59.1943
MODEL   88 t: -116.0758 -105.8648  -59.4302
MODEL   89 t: -116.1653 -105.8330  -59.5039
MODEL   90 t: -115.7524 -106.0204  -59.1037
MODEL   91 t: -115.7127 -106.0299  -59.2151
MODEL   92 t: -115.6866 -106.0417  -58.8052
MODEL   93 t: -115.5161 -106.1585  -58.9778
MODEL   94 t: -115.7734 -106.1071  -59.0574
MODEL   95 t: -115.9038 -105.9191  -59.3731
MODEL   96 t: -115.7801 -106.0330  -59.6734
MODEL   97 t: -115.7407 -105.9951  -59.4515
MODEL   98 t: -115.9658 -106.0134  -59.4043
MODEL   99 t: -115.9272 -106.0754  -59.4037
MODEL  100 t: -115.7867 -106.2659  -59.3281
MODEL  101 t: -115.7719 -106.2333  -59.2072
MODEL  102 t: -115.9553 -106.1544  -59.2464
MODEL  103 t: -115.9695 -105.9373  -59.0652
MODEL  104 t: -116.0454 -106.1390  -59.1513
MODEL  105 t: -115.8779 -106.2322  -59.2316
MODEL  106 t: -115.8861 -106.3342  -59.1955
MODEL  107 t: -115.9338 -106.0232  -59.1482
MODEL  108 t: -115.8129 -106.1721  -59.2928
MODEL  109 t: -115.9335 -106.2378  -59.2253
MODEL  110 t: -116.0163 -106.2018  -59.0295
MODEL  111 t: -116.1021 -106.1872  -59.3285
MODEL  112 t: -116.0178 -106.1671  -59.4033
MODEL  113 t: -116.1068 -106.1473  -59.3976
MODEL  114 t: -115.9443 -106.2295  -59.3390
MODEL  115 t: -116.0965 -106.2217  -59.2076
MODEL  116 t: -116.1209 -106.1898  -59.4070
MODEL  117 t: -115.9682 -106.1740  -59.1620
MODEL  118 t: -115.8541 -106.1107  -59.2628
MODEL  119 t: -116.1860 -106.1602  -59.2977
MODEL  120 t: -115.9885 -106.1615  -59.2667
MODEL  121 t: -116.0674 -106.1666  -59.4129
MODEL  122 t: -116.1564 -106.0210  -59.4570
MODEL  123 t: -116.2041 -106.1765  -59.4682
MODEL  124 t: -116.1290 -106.2146  -59.3491
MODEL  125 t: -116.1334 -106.2309  -59.2975
MODEL  126 t: -116.0398 -105.9711  -59.4933
MODEL  127 t: -116.2053 -106.0401  -59.2598
MODEL  128 t: -116.0889 -106.0451  -59.3065
MODEL  129 t: -116.0748 -106.1992  -59.3212
MODEL  130 t: -116.1434 -106.0282  -59.4489
MODEL  131 t: -115.7986 -106.1323  -59.3101
MODEL  132 t: -116.0171 -106.1171  -59.4227
MODEL  133 t: -116.0968 -106.1168  -59.4174
MODEL  134 t: -115.9259 -106.1188  -59.3555
MODEL  135 t: -115.7747 -106.2129  -59.2813
MODEL  136 t: -115.9458 -106.2043  -59.4844
MODEL  137 t: -115.9553 -106.2267  -59.4143
MODEL  138 t: -116.0053 -106.2340  -59.4436
MODEL  139 t: -116.0483 -106.1783  -59.4467
MODEL  140 t: -116.2824 -105.9665  -59.3353
MODEL  141 t: -116.2814 -106.1329  -59.2727
MODEL  142 t: -115.9967 -106.2000  -59.2532
MODEL  143 t: -116.2637 -106.1361  -59.4079
MODEL  144 t: -116.1217 -106.1093  -59.4926
MODEL  145 t: -116.1768 -106.0263  -59.4040
MODEL  146 t: -116.0327 -106.1848  -59.5455
MODEL  147 t: -116.0029 -106.0446  -59.3937
MODEL  148 t: -115.9995 -106.1442  -59.4814
MODEL  149 t: -115.9354 -106.1412  -59.3255
MODEL  150 t: -115.9122 -106.1879  -59.3529
MODEL  151 t: -115.8591 -106.2772  -59.3635
MODEL  152 t: -115.8616 -106.1955  -59.4091
MODEL  153 t: -115.8521 -106.3244  -59.5155
MODEL  154 t: -115.7611 -106.2129  -59.4935
MODEL  155 t: -115.8808 -106.0836  -59.4801
MODEL  156 t: -115.9365 -106.0565  -59.3206
MODEL  157 t: -115.9727 -106.1991  -59.3724
MODEL  158 t: -116.0056 -106.0302  -59.2979
MODEL  159 t: -115.9266 -106.1946  -59.3328
MODEL  160 t: -116.1202 -106.1085  -59.3479
MODEL  161 t: -116.0233 -105.9801  -59.2931
MODEL  162 t: -115.9770 -106.1017  -59.4816
MODEL  163 t: -116.1176 -106.0224  -59.3102
MODEL  164 t: -116.0177 -106.2139  -59.3842
MODEL  165 t: -116.2123 -106.0643  -59.5439
MODEL  166 t: -116.2391 -106.0908  -59.5574
MODEL  167 t: -115.9499 -106.1247  -59.4176
MODEL  168 t: -116.1970 -106.2102  -59.2683
MODEL  169 t: -116.2243 -106.1542  -59.4515
MODEL  170 t: -116.0522 -106.1776  -59.6832
MODEL  171 t: -116.0941 -106.1388  -59.3719
MODEL  172 t: -116.1119 -105.9816  -59.7203
MODEL  173 t: -116.1349 -106.0547  -59.8175
MODEL  174 t: -116.0691 -106.0349  -59.6768
MODEL  175 t: -116.2307 -106.0622  -59.4795
MODEL  176 t: -116.1855 -105.8861  -59.6089
MODEL  177 t: -116.1329 -106.1476  -59.5434
MODEL  178 t: -116.0226 -106.1120  -59.5572
MODEL  179 t: -116.1578 -105.9650  -59.5200
MODEL  180 t: -116.1439 -106.1370  -59.6239
MODEL  181 t: -116.1033 -105.9648  -59.4587
MODEL  182 t: -116.0076 -106.0567  -59.4327
MODEL  183 t: -115.9109 -106.0946  -59.3724
MODEL  184 t: -116.0234 -106.0737  -59.6547
MODEL  185 t: -116.0300 -106.1552  -59.3493
MODEL  186 t: -115.9448 -106.2839  -59.4393
MODEL  187 t: -115.9390 -106.1832  -59.5737
MODEL  188 t: -115.8606 -106.1187  -59.6042
MODEL  189 t: -116.1126 -106.1009  -59.6330
MODEL  190 t: -116.0881 -106.0183  -59.4996
MODEL  191 t: -115.9954 -106.2422  -59.3597
MODEL  192 t: -115.9681 -106.0982  -59.2955
MODEL  193 t: -115.9694 -106.1036  -59.4770
MODEL  194 t: -116.0509 -106.1972  -59.6391
MODEL  195 t: -115.9308 -106.1456  -59.3799
MODEL  196 t: -115.9814 -105.9608  -59.5462
MODEL  197 t: -116.0039 -106.1432  -59.3674
MODEL  198 t: -115.9238 -105.9450  -59.5383
MODEL  199 t: -116.0424 -106.0370  -59.3071
MODEL  200 t: -116.0793 -105.8521  -59.1242
MODEL  201 t: -116.1168 -105.8810  -59.3002
MODEL  202 t: -116.1475 -105.9795  -59.3621
MODEL  203 t: -116.2917 -105.9650  -59.4331
MODEL  204 t: -116.2359 -105.8816  -59.2135
MODEL  205 t: -116.4241 -106.0477  -59.1558
MODEL  206 t: -116.2836 -105.8398  -59.4840
MODEL  207 t: -116.2534 -105.9819  -59.2185
MODEL  208 t: -116.0000 -105.9575  -59.5875
MODEL  209 t: -116.1724 -106.0418  -59.6208
MODEL  210 t: -116.0647 -105.9893  -59.5624
MODEL  211 t: -116.0671 -105.9304  -59.5660
MODEL  212 t: -116.1724 -105.8179  -59.2266
MODEL  213 t: -116.1401 -105.9881  -59.3003
MODEL  214 t: -116.1256 -105.8734  -59.1781
MODEL  215 t: -116.2360 -105.9372  -59.5077
MODEL  216 t: -116.1740 -106.0153  -59.2849
MODEL  217 t: -116.1778 -105.9149  -59.3981
MODEL  218 t: -116.3358 -106.0123  -59.5129
MODEL  219 t: -116.3478 -105.8593  -59.3845
MODEL  220 t: -116.0319 -106.1059  -59.5027
MODEL  221 t: -115.7957 -106.0121  -59.6166
MODEL  222 t: -116.1824 -106.1065  -59.3191
MODEL  223 t: -116.1283 -105.9834  -59.3312
MODEL  224 t: -116.3114 -105.9484  -59.2266
MODEL  225 t: -116.1987 -106.0209  -59.4937
MODEL  226 t: -116.2173 -106.0579  -59.4098
MODEL  227 t: -116.2315 -106.0938  -59.3733
MODEL  228 t: -116.2652 -106.0516  -59.5079
MODEL  229 t: -116.4624 -105.8942  -59.2154
MODEL  230 t: -116.2065 -105.9647  -59.2562
MODEL  231 t: -116.1912 -106.0352  -59.2054
MODEL  232 t: -116.2135 -106.0255  -59.4625
MODEL  233 t: -116.3244 -105.9705  -59.4393
MODEL  234 t: -116.4526 -105.9423  -59.6368
MODEL  235 t: -116.3924 -105.9228  -59.4547
MODEL  236 t: -116.2758 -106.0202  -59.5630
MODEL  237 t: -116.3622 -106.0067  -59.6560
MODEL  238 t: -116.2044 -105.8379  -59.3677
MODEL  239 t: -116.1446 -106.0232  -59.5108
MODEL  240 t: -116.1389 -106.1414  -59.2540
MODEL  241 t: -116.2728 -106.0313  -59.6537
MODEL  242 t: -116.2737 -105.9684  -59.6880
MODEL  243 t: -116.2388 -105.8767  -59.3681
MODEL  244 t: -116.1904 -106.0821  -59.5469
MODEL  245 t: -116.2447 -106.1269  -59.4198
MODEL  246 t: -116.1758 -105.8940  -59.3602
MODEL  247 t: -116.4261 -106.0151  -59.5671
MODEL  248 t: -116.3297 -105.8032  -59.4376
MODEL  249 t: -116.2069 -105.9512  -59.2874
MODEL  250 t: -116.4228 -106.0404  -59.2863
MODEL  251 t: -116.3649 -106.0821  -59.3987
MODEL  252 t: -116.1955 -106.0199  -59.5803
MODEL  253 t: -116.2048 -105.9681  -59.2791
MODEL  254 t: -116.3348 -106.0063  -59.3682
MODEL  255 t: -116.2268 -105.9722  -59.4230
MODEL  256 t: -116.3403 -105.9949  -59.5079
MODEL  257 t: -116.0578 -106.0822  -59.5709
MODEL  258 t: -116.2718 -105.9870  -59.4427
MODEL  259 t: -116.4039 -105.9177  -59.4743
MODEL  260 t: -116.3542 -105.9802  -59.4142
MODEL  261 t: -116.0543 -105.8183  -59.4984
MODEL  262 t: -116.3716 -105.9110  -59.4437
MODEL  263 t: -116.2707 -105.9607  -59.2725
MODEL  264 t: -116.3588 -105.9476  -59.3204
MODEL  265 t: -116.3624 -106.0993  -59.2644
MODEL  266 t: -116.1535 -106.1152  -59.4766
MODEL  267 t: -116.3425 -105.9628  -59.3714
MODEL  268 t: -116.2656 -105.8338  -59.6224
MODEL  269 t: -116.2879 -105.9161  -59.4292
MODEL  270 t: -116.2926 -105.9645  -59.4620
MODEL  271 t: -116.2698 -106.0545  -59.4203
MODEL  272 t: -116.3119 -105.9692  -59.5123
MODEL  273 t: -116.2983 -105.8558  -59.6844
MODEL  274 t: -116.2455 -106.0189  -59.7561
MODEL  275 t: -116.1626 -105.9286  -59.6722
MODEL  276 t: -116.1772 -106.0780  -59.3762
MODEL  277 t: -116.1262 -105.9961  -59.3570
MODEL  278 t: -116.1077 -106.0396  -59.4913
MODEL  279 t: -116.1964 -105.9443  -59.6172
MODEL  280 t: -116.2765 -105.8878  -59.7868
MODEL  281 t: -116.1097 -106.1281  -59.6570
MODEL  282 t: -116.2658 -105.9256  -59.6862
MODEL  283 t: -116.3575 -105.9489  -59.6668
MODEL  284 t: -116.2749 -106.0281  -59.6227
MODEL  285 t: -116.4601 -105.9576  -59.7402
MODEL  286 t: -116.4403 -105.8815  -59.6012
MODEL  287 t: -116.4950 -106.0255  -59.8710
MODEL  288 t: -116.1091 -106.0652  -59.5571
MODEL  289 t: -116.3494 -105.9054  -59.6539
MODEL  290 t: -116.0645 -106.1843  -59.5583
MODEL  291 t: -115.9565 -106.2107  -59.6466
MODEL  292 t: -116.0803 -106.1165  -59.6001
MODEL  293 t: -116.2571 -105.9949  -59.5957
MODEL  294 t: -115.9958 -105.9981  -59.6914
MODEL  295 t: -116.1765 -105.9106  -59.6131
MODEL  296 t: -116.0349 -106.1230  -59.5637
MODEL  297 t: -116.0925 -106.0217  -59.6515
MODEL  298 t: -116.0341 -106.0831  -59.4766
MODEL  299 t: -116.1665 -105.9858  -59.4684
MODEL  300 t: -116.1321 -105.7743  -59.6319
MODEL  301 t: -116.2051 -105.9670  -59.6079
MODEL  302 t: -116.1445 -105.8744  -59.4471
MODEL  303 t: -116.3383 -105.8831  -59.5346
MODEL  304 t: -116.3419 -105.7543  -59.2758
MODEL  305 t: -116.1717 -105.8107  -59.6691
MODEL  306 t: -116.3692 -106.0077  -59.3855
MODEL  307 t: -116.1963 -106.0440  -59.5531
MODEL  308 t: -116.0816 -105.8638  -59.4318
MODEL  309 t: -116.0899 -105.8659  -59.5300
MODEL  310 t: -116.2996 -106.0749  -59.3347
MODEL  311 t: -116.3510 -105.9171  -59.4429
MODEL  312 t: -116.1764 -105.9527  -59.6085
MODEL  313 t: -116.2843 -105.8759  -59.4538
MODEL  314 t: -116.2835 -106.0197  -59.3862
MODEL  315 t: -116.2290 -106.0941  -59.4589
MODEL  316 t: -116.1879 -105.9151  -59.5474
MODEL  317 t: -116.0937 -106.0409  -59.5859
MODEL  318 t: -116.1621 -106.0887  -59.3326
MODEL  319 t: -116.2599 -105.9361  -59.6831
MODEL  320 t: -116.2750 -106.0756  -59.3036
MODEL  321 t: -116.0474 -106.0697  -59.3653
MODEL  322 t: -116.1197 -105.9982  -59.4396
MODEL  323 t: -116.1293 -105.9404  -59.4034
MODEL  324 t: -116.2956 -106.0159  -59.3456
MODEL  325 t: -116.0260 -106.1006  -59.2799
MODEL  326 t: -116.3019 -106.1813  -59.5836
MODEL  327 t: -116.3029 -106.1041  -59.5305
MODEL  328 t: -116.1120 -106.0058  -59.4269
MODEL  329 t: -116.1691 -106.0785  -59.5646
MODEL  330 t: -116.0865 -106.2024  -59.4248
MODEL  331 t: -116.0235 -106.0295  -59.4936
MODEL  332 t: -116.1769 -106.0323  -59.3070
MODEL  333 t: -116.0916 -105.9820  -59.5310
MODEL  334 t: -116.0881 -106.1232  -59.4871
MODEL  335 t: -116.3139 -105.9376  -59.5085
MODEL  336 t: -116.0635 -106.0694  -59.3471
MODEL  337 t: -116.1220 -105.9282  -59.3328
MODEL  338 t: -116.3210 -105.9231  -59.5664
MODEL  339 t: -116.2396 -105.8166  -59.5807
MODEL  340 t: -116.2304 -105.8742  -59.3798
MODEL  341 t: -116.1714 -105.9524  -59.3139
MODEL  342 t: -116.0213 -105.9269  -59.5316
MODEL  343 t: -116.2863 -106.0382  -59.3298
MODEL  344 t: -115.9110 -106.0903  -59.5794
MODEL  345 t: -116.1286 -106.0347  -59.3758
MODEL  346 t: -116.2007 -105.9494  -59.5565
MODEL  347 t: -116.3387 -105.9512  -59.2511
MODEL  348 t: -116.2844 -105.9993  -59.5735
MODEL  349 t: -116.3479 -105.8839  -59.5014
MODEL  350 t: -116.2808 -105.9251  -59.3211
MODEL  351 t: -116.2265 -106.0356  -59.2910
MODEL  352 t: -116.4408 -105.9918  -59.4865
MODEL  353 t: -116.3551 -105.9609  -59.3817
MODEL  354 t: -116.5814 -105.9119  -59.2824
MODEL  355 t: -116.3370 -105.9139  -59.4241
MODEL  356 t: -116.3201 -105.9038  -59.5387
MODEL  357 t: -116.3473 -105.9125  -59.1718
MODEL  358 t: -116.3364 -105.9069  -59.2484
MODEL  359 t: -116.2503 -105.8485  -59.6215
MODEL  360 t: -116.2051 -105.8623  -59.5689
MODEL  361 t: -116.2553 -105.8686  -59.3110
MODEL  362 t: -116.2273 -105.9628  -59.5682
MODEL  363 t: -116.3824 -105.8069  -59.5471
MODEL  364 t: -116.3499 -105.8852  -59.4884
MODEL  365 t: -116.2904 -105.9569  -59.3120
MODEL  366 t: -116.3871 -106.0471  -59.3067
MODEL  367 t: -116.3047 -105.9646  -59.5045
MODEL  368 t: -116.1561 -106.1046  -59.6590
MODEL  369 t: -115.9813 -106.1255  -59.6027
MODEL  370 t: -115.9158 -106.1475  -59.6220
MODEL  371 t: -116.1008 -105.9645  -59.4588
MODEL  372 t: -116.2634 -106.0578  -59.5228
MODEL  373 t: -116.0311 -105.9380  -59.3305
MODEL  374 t: -115.9836 -105.9243  -59.2718
MODEL  375 t: -116.1617 -105.8903  -59.4137
MODEL  376 t: -116.1780 -106.0698  -59.6329
MODEL  377 t: -116.0313 -105.9178  -59.8158
MODEL  378 t: -115.8349 -106.1619  -59.6698
MODEL  379 t: -116.0988 -105.9712  -59.6611
MODEL  380 t: -115.8437 -106.0924  -59.7152
MODEL  381 t: -115.9017 -106.0726  -59.1045
MODEL  382 t: -115.6625 -106.0547  -59.2805
MODEL  383 t: -115.8992 -106.0650  -59.4759
MODEL  384 t: -115.8438 -106.0414  -59.4267
MODEL  385 t: -116.2307 -106.0453  -59.5224
MODEL  386 t: -116.0751 -106.0536  -59.5788
MODEL  387 t: -115.8270 -105.7969  -59.5249
MODEL  388 t: -115.7216 -106.0150  -59.3745
MODEL  389 t: -115.6834 -106.0036  -59.2941
MODEL  390 t: -115.8381 -106.0459  -59.3036
MODEL  391 t: -115.8668 -106.0148  -59.2167
MODEL  392 t: -116.1001 -106.0564  -59.4105
MODEL  393 t: -116.1514 -105.7614  -59.2516
MODEL  394 t: -116.2614 -105.7849  -59.3256
MODEL  395 t: -116.1274 -105.9666  -59.3970
MODEL  396 t: -116.1274 -105.8666  -59.2883
MODEL  397 t: -116.1343 -105.9005  -58.9089
MODEL  398 t: -116.1058 -105.9692  -59.0088
MODEL  399 t: -115.9423 -105.9677  -59.1721
MODEL  400 t: -116.3816 -105.9366  -59.1766
MODEL  401 t: -116.2743 -105.8652  -59.1222
MODEL  402 t: -116.1694 -105.9501  -59.0684
MODEL  403 t: -116.1350 -105.8520  -59.2646
MODEL  404 t: -116.3451 -105.9617  -59.1771
MODEL  405 t: -116.1829 -105.9795  -59.3562
MODEL  406 t: -116.2116 -106.0268  -59.1858
MODEL  407 t: -115.9759 -105.9204  -59.3500
MODEL  408 t: -116.2002 -105.8522  -59.4144
MODEL  409 t: -115.8681 -106.1902  -59.5787
MODEL  410 t: -116.0148 -105.9295  -59.2361
MODEL  411 t: -116.0683 -105.7890  -59.3553
MODEL  412 t: -115.8447 -106.0631  -59.3117
MODEL  413 t: -115.9394 -105.8783  -59.1586
MODEL  414 t: -115.8268 -105.9678  -59.1546
MODEL  415 t: -116.0404 -105.9271  -59.5783
MODEL  416 t: -115.8666 -106.0429  -59.1740
MODEL  417 t: -115.9721 -105.8581  -59.1944
MODEL  418 t: -116.0972 -106.0041  -59.2745
MODEL  419 t: -115.9738 -105.8760  -59.3848
MODEL  420 t: -116.0390 -105.8537  -59.2567
MODEL  421 t: -115.9069 -106.0454  -59.1994
MODEL  422 t: -115.9918 -105.9214  -59.1733
MODEL  423 t: -116.0848 -106.0595  -59.1439
MODEL  424 t: -116.0417 -106.1198  -59.3552
MODEL  425 t: -115.9945 -106.0056  -59.2144
MODEL  426 t: -116.1484 -106.0672  -59.4287
MODEL  427 t: -116.0555 -106.0674  -59.2049
MODEL  428 t: -115.9245 -105.9816  -59.1483
MODEL  429 t: -116.1919 -106.0141  -59.4481
MODEL  430 t: -116.0073 -106.1225  -59.3688
MODEL  431 t: -116.0518 -106.0347  -59.1925
MODEL  432 t: -116.2093 -106.0027  -59.2727
MODEL  433 t: -116.1138 -105.9151  -59.2722
MODEL  434 t: -116.1336 -106.1190  -59.2371
MODEL  435 t: -115.9816 -106.2204  -59.3301
MODEL  436 t: -116.1700 -106.1682  -59.3732
MODEL  437 t: -116.1682 -106.0074  -59.5811
MODEL  438 t: -116.1862 -106.0048  -59.2391
MODEL  439 t: -116.1620 -106.0071  -59.3391
MODEL  440 t: -116.1468 -106.0038  -59.2810
MODEL  441 t: -116.1553 -106.0718  -59.3858
MODEL  442 t: -115.9763 -106.0751  -59.4010
MODEL  443 t: -116.1458 -105.9486  -59.1833
MODEL  444 t: -116.0271 -105.8516  -59.2961
MODEL  445 t: -116.0519 -105.9159  -59.2757
MODEL  446 t: -116.0401 -105.9370  -59.1548
MODEL  447 t: -115.8891 -106.1349  -59.4889
MODEL  448 t: -115.9977 -106.0206  -59.2848
MODEL  449 t: -115.9960 -105.9610  -59.0900
MODEL  450 t: -115.7758 -106.1660  -59.2782
MODEL  451 t: -115.9528 -105.8635  -59.2011
MODEL  452 t: -115.8614 -105.9800  -59.2662
MODEL  453 t: -116.0103 -106.0273  -59.2357
MODEL  454 t: -115.9335 -105.8398  -59.4733
MODEL  455 t: -116.0471 -105.9652  -59.3600
MODEL  456 t: -116.1453 -105.9455  -59.2287
MODEL  457 t: -115.8649 -105.9902  -59.3098
MODEL  458 t: -116.1878 -105.9785  -58.9931
MODEL  459 t: -115.8680 -106.0173  -59.4023
MODEL  460 t: -116.0291 -105.9245  -59.2314
MODEL  461 t: -115.9162 -106.0419  -59.0489
MODEL  462 t: -116.1497 -105.8885  -59.1836
MODEL  463 t: -115.9957 -106.1162  -58.9475
MODEL  464 t: -116.0770 -106.0081  -58.9671
MODEL  465 t: -116.1137 -105.9231  -58.9934
MODEL  466 t: -116.1774 -105.9613  -59.2954
MODEL  467 t: -116.2196 -105.8909  -59.1635
MODEL  468 t: -116.2380 -105.9676  -59.1587
MODEL  469 t: -116.1574 -105.9952  -59.0049
MODEL  470 t: -116.1188 -105.9923  -58.9056
MODEL  471 t: -116.0966 -105.9253  -59.2777
MODEL  472 t: -116.0966 -105.9223  -59.3586
MODEL  473 t: -115.9704 -105.9896  -59.3465
MODEL  474 t: -115.9194 -105.8918  -59.3176
MODEL  475 t: -115.9555 -105.9688  -59.3430
MODEL  476 t: -116.1203 -105.8583  -59.2769
MODEL  477 t: -116.2114 -105.9967  -59.1931
MODEL  478 t: -116.1022 -105.8438  -59.3407
MODEL  479 t: -116.0306 -105.9332  -59.4394
MODEL  480 t: -115.8186 -105.9967  -59.2650
MODEL  481 t: -115.8191 -105.8046  -59.1836
MODEL  482 t: -115.9887 -105.8278  -59.0541
MODEL  483 t: -115.9181 -105.8052  -59.3313
MODEL  484 t: -116.1911 -105.7249  -59.3892
MODEL  485 t: -116.0230 -105.9268  -59.4768
MODEL  486 t: -116.2196 -105.7817  -59.2645
MODEL  487 t: -115.9979 -106.0710  -58.9345
MODEL  488 t: -115.9048 -105.9643  -59.3955
MODEL  489 t: -116.0008 -105.8293  -59.1222
MODEL  490 t: -116.2009 -105.8501  -59.0190
MODEL  491 t: -115.9004 -106.1746  -59.2634
MODEL  492 t: -116.0304 -105.9929  -59.1491
MODEL  493 t: -115.9533 -105.9705  -59.2133
MODEL  494 t: -115.9742 -105.9250  -59.1683
MODEL  495 t: -115.9771 -105.9267  -59.0065
MODEL  496 t: -116.0182 -105.8572  -59.0345
MODEL  497 t: -116.0951 -106.0350  -59.1856
MODEL  498 t: -116.1444 -105.8717  -59.2601
MODEL  499 t: -115.9769 -105.9700  -58.9780
MODEL  500 t: -115.9824 -106.0217  -59.3242
MODEL  501 t: -116.2341 -105.9188  -59.1265

# Rotation matrices
MODEL    1 R:  0.1785635 -0.7514177 -0.6352058     0.9114779 -0.1168154  0.3944137    -0.3705712 -0.6494040  0.6640417    
MODEL    2 R:  0.1713672 -0.7286259 -0.6631271     0.9019886 -0.1547128  0.4030887    -0.3962951 -0.6672093  0.6306996    
MODEL    3 R:  0.1652971 -0.6966725 -0.6980862     0.9102474 -0.1646994  0.3798998    -0.3796401 -0.6982274  0.6069199    
MODEL    4 R:  0.1729825 -0.7036023 -0.6892176     0.9185954 -0.1372021  0.3706184    -0.3553301 -0.6972226  0.6225923    
MODEL    5 R:  0.1690461 -0.7125914 -0.6809089     0.9172864 -0.1389886  0.3731861    -0.3605678 -0.6876741  0.6301549    
MODEL    6 R:  0.1836897 -0.7205374 -0.6686433     0.9289899 -0.0950892  0.3576812    -0.3213035 -0.6868652  0.6519051    
MODEL    7 R:  0.1860120 -0.7279643 -0.6598996     0.9266757 -0.0932734  0.3641046    -0.3266063 -0.6792408  0.6572369    
MODEL    8 R:  0.1700583 -0.7412629 -0.6493146     0.9145523 -0.1266618  0.3841234    -0.3669798 -0.6591556  0.6563838    
MODEL    9 R:  0.2006873 -0.7366789 -0.6457777     0.9174562 -0.0898093  0.3875674    -0.3435095 -0.6702526  0.6578470    
MODEL   10 R:  0.1706717 -0.7026749 -0.6907382     0.9132320 -0.1504135  0.3786596    -0.3699710 -0.6954307  0.6160338    
MODEL   11 R:  0.1920391 -0.7235444 -0.6630267     0.9230211 -0.0963513  0.3724896    -0.3333963 -0.6835202  0.6493436    
MODEL   12 R:  0.1930392 -0.7410396 -0.6431145     0.9245515 -0.0820929  0.3721092    -0.3285428 -0.6664241  0.6692821    
MODEL   13 R:  0.1964780 -0.7529211 -0.6280973     0.9253307 -0.0694770  0.3727413    -0.3242831 -0.6544332  0.6830503    
MODEL   14 R:  0.1991968 -0.7386836 -0.6439466     0.9244780 -0.0763156  0.3735188    -0.3250554 -0.6697182  0.6676949    
MODEL   15 R:  0.2073296 -0.7529141 -0.6246077     0.9309446 -0.0443373  0.3624588    -0.3005937 -0.6566236  0.6917289    
MODEL   16 R:  0.2112843 -0.7379460 -0.6409326     0.9309984 -0.0477533  0.3618863    -0.2976592 -0.6731681  0.6769370    
MODEL   17 R:  0.2112536 -0.7583864 -0.6166214     0.9272990 -0.0439401  0.3717335    -0.3090121 -0.6503225  0.6939685    
MODEL   18 R:  0.2029450 -0.7584233 -0.6193604     0.9246017 -0.0598162  0.3762096    -0.3223739 -0.6490116  0.6891001    
MODEL   19 R:  0.2055797 -0.7824900 -0.5877468     0.9188600 -0.0523534  0.3910952    -0.3367987 -0.6204583  0.7082360    
MODEL   20 R:  0.2048279 -0.7708139 -0.6032341     0.9213088 -0.0562747  0.3847380    -0.3305083 -0.6345700  0.6986310    
MODEL   21 R:  0.2043148 -0.7758609 -0.5969048     0.9167332 -0.0621941  0.3946292    -0.3433013 -0.6278310  0.6985502    
MODEL   22 R:  0.2089964 -0.7797935 -0.5901208     0.9192685 -0.0491750  0.3905474    -0.3335656 -0.6241024  0.7065622    
MODEL   23 R:  0.1931854 -0.7651654 -0.6141672     0.9214387 -0.0735697  0.3814946    -0.3370906 -0.6396166  0.6908404    
MODEL   24 R:  0.2030907 -0.7678438 -0.6075936     0.9288348 -0.0452998  0.3677144    -0.3098711 -0.6390335  0.7040001    
MODEL   25 R:  0.2195272 -0.7650344 -0.6054174     0.9222916 -0.0395948  0.3844612    -0.3180975 -0.6427710  0.6968927    
MODEL   26 R:  0.2128628 -0.7648332 -0.6080457     0.9285120 -0.0354238  0.3696088    -0.3042284 -0.6432537  0.7026164    
MODEL   27 R:  0.2072874 -0.7602482 -0.6156742     0.9236317 -0.0553098  0.3792694    -0.3223917 -0.6472740  0.6907243    
MODEL   28 R:  0.1980964 -0.7314598 -0.6524756     0.9333521 -0.0625314  0.3534736    -0.2993520 -0.6790113  0.6703223    
MODEL   29 R:  0.2043754 -0.7515545 -0.6272133     0.9316108 -0.0473956  0.3603538    -0.3005527 -0.6579662  0.6904699    
MODEL   30 R:  0.2084061 -0.7687921 -0.6045871     0.9299050 -0.0357886  0.3660545    -0.3030572 -0.6384965  0.7074451    
MODEL   31 R:  0.2082230 -0.7677661 -0.6059525     0.9315474 -0.0331474  0.3621060    -0.2980985 -0.6398722  0.7083084    
MODEL   32 R:  0.2009014 -0.7681136 -0.6079804     0.9307295 -0.0439365  0.3630595    -0.3055834 -0.6388045  0.7060791    
MODEL   33 R:  0.2030343 -0.7731689 -0.6008219     0.9267581 -0.0463257  0.3727914    -0.3160642 -0.6325060  0.7071348    
MODEL   34 R:  0.2023435 -0.7656587 -0.6105931     0.9222023 -0.0608356  0.3818925    -0.3295451 -0.6403638  0.6937825    
MODEL   35 R:  0.2014326 -0.7571559 -0.6214015     0.9224544 -0.0667058  0.3803001    -0.3293975 -0.6498194  0.6850051    
MODEL   36 R:  0.2046443 -0.8003334 -0.5635487     0.9112073 -0.0545236  0.4083240    -0.3575220 -0.5970709  0.7181117    
MODEL   37 R:  0.2213545 -0.7831291 -0.5811290     0.9179924 -0.0337575  0.3951587    -0.3290777 -0.6209422  0.7114342    
MODEL   38 R:  0.2130184 -0.7810362 -0.5870311     0.9138627 -0.0532848  0.4025118    -0.3456561 -0.6222083  0.7024092    
MODEL   39 R:  0.2154158 -0.7812036 -0.5859326     0.9064452 -0.0632367  0.4175623    -0.3632536 -0.6210653  0.6944960    
MODEL   40 R:  0.2118271 -0.7902048 -0.5750701     0.9092029 -0.0564737  0.4125056    -0.3584403 -0.6102353  0.7064938    
MODEL   41 R:  0.2057941 -0.7809324 -0.5897400     0.9177318 -0.0552009  0.3933462    -0.3397309 -0.6221715  0.7053265    
MODEL   42 R:  0.1992661 -0.7701536 -0.6059343     0.9227056 -0.0607748  0.3806847    -0.3300112 -0.6349565  0.6985147    
MODEL   43 R:  0.2149110 -0.7520273 -0.6231117     0.9206803 -0.0568510  0.3861552    -0.3258238 -0.6566757  0.6801587    
MODEL   44 R:  0.1984068 -0.7322807 -0.6514597     0.9252217 -0.0793945  0.3710273    -0.3234185 -0.6763590  0.6617696    
MODEL   45 R:  0.1935233 -0.7474950 -0.6354525     0.9254527 -0.0759425  0.3711738    -0.3257084 -0.6599120  0.6770747    
MODEL   46 R:  0.1854810 -0.7516853 -0.6329029     0.9145943 -0.1034611  0.3909132    -0.3593245 -0.6513563  0.6682970    
MODEL   47 R:  0.1843992 -0.7302574 -0.6578154     0.9225031 -0.1023173  0.3721816    -0.3390943 -0.6754667  0.6547975    
MODEL   48 R:  0.1807350 -0.7306842 -0.6583581     0.9193652 -0.1123082  0.3770338    -0.3494317 -0.6734147  0.6514676    
MODEL   49 R:  0.1923683 -0.7384315 -0.6463074     0.9117727 -0.1090337  0.3959572    -0.3628566 -0.6654551  0.6523071    
MODEL   50 R:  0.1884387 -0.7485208 -0.6357731     0.9206849 -0.0906666  0.3796299    -0.3418042 -0.6568837  0.6720667    
MODEL   51 R:  0.1915130 -0.7580339 -0.6234640     0.9223713 -0.0781282  0.3783216    -0.3354907 -0.6475188  0.6842261    
MODEL   52 R:  0.1908434 -0.7466575 -0.6372452     0.9222043 -0.0860496  0.3770075    -0.3363302 -0.6596196  0.6721488    
MODEL   53 R:  0.1827293 -0.7380084 -0.6495795     0.9182766 -0.1079353  0.3809437    -0.3512522 -0.6661033  0.6579729    
MODEL   54 R:  0.1986836 -0.7323558 -0.6512908     0.9197060 -0.0902825  0.3820864    -0.3386233 -0.6749104  0.6556144    
MODEL   55 R:  0.1897768 -0.7340830 -0.6520022     0.9156075 -0.1074280  0.3874560    -0.3544682 -0.6705083  0.6517446    
MODEL   56 R:  0.1780138 -0.7318851 -0.6577654     0.9254743 -0.1026178  0.3646462    -0.3343776 -0.6736570  0.6590735    
MODEL   57 R:  0.1852644 -0.7279908 -0.6600807     0.9220542 -0.1035187  0.3729611    -0.3398430 -0.6777265  0.6520686    
MODEL   58 R:  0.1937041 -0.7248430 -0.6611213     0.9182092 -0.1033752  0.3823682    -0.3455004 -0.6811139  0.6455333    
MODEL   59 R:  0.1844536 -0.7379235 -0.6491886     0.9207434 -0.1013230  0.3767827    -0.3438145 -0.6672351  0.6607488    
MODEL   60 R:  0.1770661 -0.7305057 -0.6595521     0.9255321 -0.1043208  0.3640157    -0.3347206 -0.6748915  0.6576348    
MODEL   61 R:  0.1837301 -0.7266388 -0.6619965     0.9230135 -0.1040855  0.3704217    -0.3380670 -0.6790893  0.6515738    
MODEL   62 R:  0.1787982 -0.7407742 -0.6475221     0.9233106 -0.1010277  0.3705280    -0.3398952 -0.6641137  0.6659010    
MODEL   63 R:  0.1850879 -0.7321169 -0.6555511     0.9174157 -0.1103945  0.3823107    -0.3522654 -0.6721740  0.6512229    
MODEL   64 R:  0.1809503 -0.7227358 -0.6670157     0.9186221 -0.1180305  0.3770972    -0.3512699 -0.6809712  0.6425634    
MODEL   65 R:  0.1833087 -0.7325240 -0.6555963     0.9131941 -0.1200291  0.3894478    -0.3639705 -0.6700758  0.6469342    
MODEL   66 R:  0.1794899 -0.7310487 -0.6582942     0.9215106 -0.1093120  0.3726513    -0.3443857 -0.6735122  0.6540487    
MODEL   67 R:  0.1814955 -0.7378626 -0.6500909     0.9255460 -0.0952144  0.3664681    -0.3323011 -0.6682014  0.6656448    
MODEL   68 R:  0.1888571 -0.7298059 -0.6570513     0.9170512 -0.1082284  0.3838016    -0.3512122 -0.6750333  0.6488297    
MODEL   69 R:  0.1846965 -0.7324005 -0.6553447     0.9244289 -0.0969086  0.3688359    -0.3336441 -0.6739423  0.6591535    
MODEL   70 R:  0.1960741 -0.7655835 -0.6127290     0.9210209 -0.0706846  0.3830459    -0.3365641 -0.6394416  0.6912590    
MODEL   71 R:  0.2179922 -0.7672400 -0.6031767     0.9062660 -0.0702090  0.4168365    -0.3621621 -0.6375057  0.6800185    
MODEL   72 R:  0.1987401 -0.7536404 -0.6265210     0.9229763 -0.0710475  0.3782421    -0.3295712 -0.6534359  0.6814722    
MODEL   73 R:  0.2056301 -0.7683091 -0.6061496     0.9134877 -0.0715105  0.4005327    -0.3510790 -0.6360718  0.6871362    
MODEL   74 R:  0.2008864 -0.7686436 -0.6073152     0.9133603 -0.0771584  0.3997743    -0.3541434 -0.6350068  0.6865485    
MODEL   75 R:  0.2133085 -0.7621676 -0.6112284     0.9113623 -0.0701921  0.4055759    -0.3520202 -0.6435633  0.6796382    
MODEL   76 R:  0.1800727 -0.7464845 -0.6405737     0.9305775 -0.0817416  0.3568527    -0.3187465 -0.6603629  0.6799422    
MODEL   77 R:  0.1988071 -0.7743286 -0.6007421     0.9166265 -0.0699978  0.3935685    -0.3468020 -0.6289003  0.6958540    
MODEL   78 R:  0.1952308 -0.7270388 -0.6582549     0.9300941 -0.0756780  0.3594411    -0.3111430 -0.6824129  0.6614398    
MODEL   79 R:  0.2090021 -0.7534086 -0.6234530     0.9276509 -0.0490199  0.3702172    -0.3094865 -0.6557229  0.6886549    
MODEL   80 R:  0.2070780 -0.7372655 -0.6430850     0.9296149 -0.0565450  0.3641687    -0.3048523 -0.6732327  0.6736637    
MODEL   81 R:  0.2078552 -0.7460743 -0.6325894     0.9350356 -0.0383588  0.3524727    -0.2872362 -0.6647569  0.6896330    
MODEL   82 R:  0.2077551 -0.7522095 -0.6253149     0.9279200 -0.0507256  0.3693121    -0.3095196 -0.6569687  0.6874517    
MODEL   83 R:  0.2266147 -0.7609471 -0.6079518     0.9235293 -0.0304182  0.3823198    -0.3094179 -0.6481005  0.6958637    
MODEL   84 R:  0.2146546 -0.7476717 -0.6284190     0.9342656 -0.0303886  0.3552806    -0.2847301 -0.6633729  0.6920009    
MODEL   85 R:  0.2009133 -0.7514816 -0.6284181     0.9265035 -0.0625769  0.3710463    -0.3181589 -0.6567797  0.6836778    
MODEL   86 R:  0.1909467 -0.7355884 -0.6499608     0.9296912 -0.0769488  0.3602126    -0.3149819 -0.6730443  0.6691769    
MODEL   87 R:  0.1994867 -0.7337824 -0.6494370     0.9214992 -0.0849037  0.3789863    -0.3332330 -0.6740584  0.6592428    
MODEL   88 R:  0.2201632 -0.7595375 -0.6120710     0.9227299 -0.0413518  0.3832226    -0.3163823 -0.6491477  0.6917438    
MODEL   89 R:  0.2099568 -0.7545034 -0.6218060     0.9288449 -0.0446194  0.3677719    -0.3052298 -0.6547776  0.6914485    
MODEL   90 R:  0.1861202 -0.7377283 -0.6489347     0.9208023 -0.0994398  0.3771404    -0.3427571 -0.6677340  0.6607941    
MODEL   91 R:  0.1848922 -0.7114523 -0.6779753     0.9219798 -0.1132722  0.3703007    -0.3402471 -0.6935452  0.6350015    
MODEL   92 R:  0.1751052 -0.7240516 -0.6671487     0.9195026 -0.1219478  0.3736892    -0.3519276 -0.6788800  0.6444136    
MODEL   93 R:  0.1760716 -0.7266328 -0.6640810     0.9174776 -0.1233179  0.3781897    -0.3566981 -0.6758679  0.6449566    
MODEL   94 R:  0.1712674 -0.7262956 -0.6657043     0.9172432 -0.1290961  0.3768276    -0.3596281 -0.6751511  0.6440797    
MODEL   95 R:  0.1919369 -0.7270978 -0.6591578     0.9220060 -0.0965267  0.3749501    -0.3362517 -0.6797141  0.6518615    
MODEL   96 R:  0.1961215 -0.7214014 -0.6641660     0.9293623 -0.0792894  0.3605535    -0.3127651 -0.6879631  0.6548929    
MODEL   97 R:  0.1859492 -0.7253259 -0.6628161     0.9227464 -0.1028575  0.3714290    -0.3375827 -0.6806781  0.6501656    
MODEL   98 R:  0.1964915 -0.7313257 -0.6531108     0.9206401 -0.0915749  0.3795206    -0.3373618 -0.6758526  0.6552941    
MODEL   99 R:  0.1874413 -0.7333602 -0.6534895     0.9297237 -0.0822341  0.3589588    -0.3169853 -0.6748484  0.6664083    
MODEL  100 R:  0.1815837 -0.7374905 -0.6504884     0.9249820 -0.0964563  0.3675657    -0.3338199 -0.6684340  0.6646505    
MODEL  101 R:  0.1779492 -0.7435668 -0.6445483     0.9136143 -0.1184943  0.3889318    -0.3655721 -0.6580787  0.6582473    
MODEL  102 R:  0.1852170 -0.7349353 -0.6523533     0.9202455 -0.1031626  0.3774993    -0.3447360 -0.6702445  0.6572134    
MODEL  103 R:  0.2006212 -0.7503643 -0.6298449     0.9124426 -0.0909365  0.3989725    -0.3566506 -0.6547397  0.6664205    
MODEL  104 R:  0.1803502 -0.7549624 -0.6304804     0.9205702 -0.0962136  0.3785411    -0.3464451 -0.6486715  0.6776438    
MODEL  105 R:  0.1869096 -0.7516529 -0.6325209     0.9155046 -0.1002182  0.3896249    -0.3562528 -0.6519004  0.6694100    
MODEL  106 R:  0.1885291 -0.7320532 -0.6546411     0.9166414 -0.1080646  0.3848255    -0.3524562 -0.6726219  0.6506569    
MODEL  107 R:  0.1885572 -0.7539824 -0.6292510     0.9156244 -0.0966958  0.3902330    -0.3550748 -0.6497388  0.6721320    
MODEL  108 R:  0.1880905 -0.7375188 -0.6486046     0.9202464 -0.0984091  0.3787640    -0.3431742 -0.6681180  0.6601892    
MODEL  109 R:  0.1963619 -0.7344595 -0.6496240     0.9057170 -0.1179623  0.4071384    -0.3756578 -0.6683219  0.6420491    
MODEL  110 R:  0.1958822 -0.7498384 -0.6319593     0.9168898 -0.0884988  0.3892057    -0.3477691 -0.6556755  0.6701838    
MODEL  111 R:  0.2042263 -0.7470850 -0.6325785     0.9155356 -0.0829841  0.3935837    -0.3465344 -0.6595283  0.6670354    
MODEL  112 R:  0.1969874 -0.7563670 -0.6237828     0.9123085 -0.0915692  0.3991344    -0.3590113 -0.6477068  0.6720021    
MODEL  113 R:  0.2044917 -0.7529780 -0.6254656     0.9159165 -0.0782585  0.3936655    -0.3453695 -0.6533756  0.6736618    
MODEL  114 R:  0.1990096 -0.7440638 -0.6377807     0.9126202 -0.0964328  0.3972720    -0.3570987 -0.6611125  0.6598566    
MODEL  115 R:  0.1939294 -0.7581139 -0.6226192     0.9173172 -0.0848334  0.3890148    -0.3477364 -0.6465807  0.6789792    
MODEL  116 R:  0.1934008 -0.7449209 -0.6385052     0.9220582 -0.0843876  0.3777399    -0.3352683 -0.6617942  0.6705398    
MODEL  117 R:  0.1902752 -0.7495998 -0.6339523     0.9235605 -0.0823034  0.3745159    -0.3329135 -0.6567544  0.6766404    
MODEL  118 R:  0.1900643 -0.7640793 -0.6164887     0.9145720 -0.0905254  0.3941613    -0.3569784 -0.6387393  0.6816000    
MODEL  119 R:  0.1984141 -0.7462496 -0.6354080     0.9128887 -0.0952598  0.3969380    -0.3567437 -0.6588149  0.6623420    
MODEL  120 R:  0.1943514 -0.7554630 -0.6257021     0.9173506 -0.0859323  0.3886947    -0.3474125 -0.6495315  0.6763234    
MODEL  121 R:  0.1982520 -0.7603850 -0.6184746     0.9189896 -0.0752049  0.3870430    -0.3408140 -0.6451038  0.6838764    
MODEL  122 R:  0.2112807 -0.7513478 -0.6251695     0.9170746 -0.0688847  0.3927200    -0.3381340 -0.6563012  0.6744880    
MODEL  123 R:  0.1982146 -0.7389766 -0.6439134     0.9225526 -0.0812408  0.3772223    -0.3310705 -0.6688150  0.6656417    
MODEL  124 R:  0.1966590 -0.7448931 -0.6375418     0.9225426 -0.0796155  0.3775930    -0.3320246 -0.6624165  0.6715385    
MODEL  125 R:  0.2005949 -0.7481586 -0.6324716     0.9254456 -0.0671026  0.3728910    -0.3214221 -0.6601181  0.6789197    
MODEL  126 R:  0.2147518 -0.7364636 -0.6414850     0.9178945 -0.0722187  0.3901977    -0.3336936 -0.6726111  0.6604868    
MODEL  127 R:  0.2026775 -0.7483523 -0.6315779     0.9215490 -0.0723525  0.3814611    -0.3311636 -0.6593436  0.6749791    
MODEL  128 R:  0.1938690 -0.7464983 -0.6365179     0.9180791 -0.0906172  0.3859006    -0.3457537 -0.6591880  0.6677766    
MODEL  129 R:  0.1933892 -0.7458174 -0.6374614     0.9204080 -0.0871002  0.3811334    -0.3397789 -0.6604317  0.6696120    
MODEL  130 R:  0.2064618 -0.7440126 -0.6354673     0.9098944 -0.0928380  0.4043183    -0.3598135 -0.6616845  0.6578054    
MODEL  131 R:  0.1826495 -0.7590934 -0.6248330     0.9140238 -0.1030334  0.3923577    -0.3622148 -0.6427762  0.6750105    
MODEL  132 R:  0.1986624 -0.7502807 -0.6305649     0.9165991 -0.0855333  0.3905510    -0.3469572 -0.6555630  0.6707144    
MODEL  133 R:  0.1976866 -0.7370622 -0.6462657     0.9285629 -0.0704811  0.3644220    -0.3141512 -0.6721397  0.6704754    
MODEL  134 R:  0.1832817 -0.7404502 -0.6466385     0.9245627 -0.0936854  0.3693329    -0.3340532 -0.6655498  0.6674218    
MODEL  135 R:  0.1845633 -0.7399055 -0.6468974     0.9227405 -0.0961494  0.3732362    -0.3383583 -0.6658041  0.6649951    
MODEL  136 R:  0.1774781 -0.7237032 -0.6668997     0.9309700 -0.0962340  0.3521844    -0.3190554 -0.6833687  0.6566665    
MODEL  137 R:  0.1885687 -0.7329616 -0.6536124     0.9283807 -0.0839817  0.3620172    -0.3202361 -0.6750662  0.6646311    
MODEL  138 R:  0.1837755 -0.7313651 -0.6567584     0.9222601 -0.1028747  0.3726299    -0.3400923 -0.6741824  0.6556030    
MODEL  139 R:  0.2059565 -0.7408551 -0.6393087     0.9239744 -0.0679229  0.3763746    -0.3222627 -0.6682216  0.6705420    
MODEL  140 R:  0.2143422 -0.7524376 -0.6228122     0.9245988 -0.0492815  0.3777412    -0.3149198 -0.6568173  0.6851398    
MODEL  141 R:  0.1980037 -0.7582642 -0.6211521     0.9220242 -0.0709867  0.3805683    -0.3326649 -0.6480712  0.6850824    
MODEL  142 R:  0.1953963 -0.7542814 -0.6268013     0.9248290 -0.0709683  0.3737042    -0.3263611 -0.6527045  0.6837143    
MODEL  143 R:  0.2108652 -0.7646950 -0.6089149     0.9214451 -0.0524429  0.3849529    -0.3263048 -0.6422549  0.6935660    
